2	2
3	2
4	3
12	2
13	1
14	2
19	2
25	2
26	2
33	1
41	2
42	2
43	3
44	1
51	2
54	0
59	2
60	0
62	2
67	2
70	3
71	3
75	2
76	1
79	1
81	1
89	2
96	1
97	1
100	2
102	0
104	2
105	1
120	0
122	0
124	3
126	1
127	1
133	0
139	2
142	0
143	0
146	1
148	2
157	1
166	3
168	3
172	2
174	0
178	0
180	3
182	3
183	2
185	0
186	3
187	0
188	2
189	3
190	2
196	0
198	3
199	3
202	3
206	1
208	3
209	0
212	3
216	2
220	2
221	2
224	0
231	2
232	2
233	2
237	2
239	2
242	2
247	2
251	0
253	2
258	2
262	1
263	2
268	2
270	0
274	2
277	3
279	2
283	0
286	2
292	2
293	2
296	0
303	2
304	2
311	3
313	3
316	1
319	1
322	0
323	3
325	0
329	2
330	2
337	2
338	0
341	2
351	3
352	3
353	1
354	0
358	1
360	3
364	0
368	1
370	3
371	2
372	1
374	0
377	0
383	0
385	2
389	3
391	1
392	0
393	0
398	1
399	3
405	2
407	2
409	0
415	3
416	2
419	0
423	0
427	1
428	1
434	3
435	3
437	1
441	0
445	1
447	3
454	0
455	1
456	0
462	0
468	3
470	1
477	3
478	1
485	0
490	3
494	1
502	1
507	0
515	1
518	0
521	3
522	2
536	0
537	3
539	1
540	1
544	3
548	2
553	1
557	2
560	1
562	1
563	1
565	2
567	1
569	0
582	1
583	1
592	1
606	3
610	0
611	3
618	1
621	1
633	0
636	2
644	0
645	3
648	2
654	0
656	0
658	3
661	2
666	0
672	0
674	0
676	1
679	1
682	3
683	3
686	0
687	3
691	2
695	0
701	2
706	0
711	3
713	0
718	3
721	0
722	0
730	2
736	2
740	3
746	0
747	0
751	0
756	0
761	0
764	0
769	3
773	0
775	0
777	0
778	2
780	0
782	0
787	0
789	1
793	1
794	0
797	0
807	2
811	2
812	1
820	0
822	0
824	1
825	1
827	0
829	0
831	0
835	1
838	3
841	0
855	0
858	0
861	2
862	2
865	2
874	2
875	1
877	0
879	0
884	0
892	1
894	0
896	3
900	1
902	2
906	1
907	2
912	1
913	3
914	2
915	2
919	2
923	1
925	2
926	2
927	2
929	2
930	2
936	2
937	2
940	2
941	2
942	2
944	0
946	0
950	2
958	2
961	2
967	2
975	2
976	2
979	2
984	1
985	2
986	2
990	2
992	2
995	2
998	2
999	2
1000	2
1002	0
1003	2
1007	2
1010	2
1014	2
1023	2
1029	2
1032	2
1036	3
1037	2
1043	2
1047	2
1050	2
1061	2
1064	2
1068	1
1070	2
1073	2
1074	2
1087	2
1089	2
1090	2
1102	3
1105	1
1110	2
1111	2
1112	3
1116	2
1117	2
1120	2
1122	2
1124	2
1129	2
1130	2
1134	2
1141	1
1143	2
1146	2
1147	2
1151	2
1154	2
1156	1
1157	2
1161	2
1167	2
1168	2
1169	2
1172	0
1173	2
1175	2
1178	2
1182	2
1183	2
1185	2
1189	2
1192	2
1193	2
1195	2
1196	2
1197	2
1203	2
1204	2
1205	2
1211	2
1214	2
1217	2
1221	0
1227	2
1234	0
1236	2
1237	2
1240	2
1242	2
1246	2
1247	2
1251	2
1255	2
1256	2
1257	2
1260	2
1264	2
1275	2
1276	2
1281	2
1285	2
1287	2
1289	2
1290	2
1293	2
1294	2
1296	2
1299	2
1300	2
1301	2
1303	2
1307	2
1308	2
1309	2
1312	2
1313	1
1316	2
1317	2
1318	2
1320	2
1322	2
1323	2
1328	2
1339	2
1341	2
1342	2
1343	2
1345	2
1350	2
1351	2
1352	2
1355	2
1356	2
1361	0
1365	2
1369	2
1371	3
1373	2
1378	2
1383	2
1390	2
1391	2
1396	2
1397	2
1399	2
1402	2
1408	2
1412	2
1413	2
1416	1
1417	3
1421	2
1423	2
1425	2
1426	3
1431	2
1432	2
1437	2
1441	2
1442	2
1444	2
1445	2
1452	2
1453	2
1459	2
1463	2
1464	2
1465	2
1471	2
1474	2
1475	2
1476	2
1477	2
1480	3
1481	2
1486	2
1487	2
1489	2
1490	3
1492	2
1493	3
1496	2
1497	2
1499	2
1500	2
1501	0
1504	3
1509	2
1514	1
1515	2
1518	2
1519	1
1521	2
1525	3
1527	2
1528	2
1532	2
1539	2
1540	2
1546	2
1548	3
1550	2
1552	0
1553	2
1557	1
1559	2
1560	2
1564	2
1569	2
1573	3
1577	2
1578	2
1585	2
1586	2
1588	2
1593	2
1594	2
1595	3
1596	2
1597	2
1600	2
1601	2
1609	3
1610	1
1611	1
1613	2
1615	2
1619	2
1630	2
1633	2
1635	2
1636	2
1637	2
1643	2
1650	2
1651	2
1654	2
1656	1
1659	2
1665	2
1670	2
1672	2
1676	2
1678	2
1680	2
1682	2
1685	2
1689	1
1690	2
1692	3
1693	1
1697	2
1699	2
1701	2
1704	2
1705	2
1711	3
1713	2
1717	2
1719	2
1721	2
1722	2
1724	2
1728	2
1729	2
1742	3
1747	2
1748	2
1749	2
1750	0
1755	2
1756	2
1758	1
1760	2
1763	2
1768	2
1769	2
1773	1
1775	2
1776	2
1778	2
1782	2
1785	2
1791	2
1793	2
1795	2
1797	2
1799	2
1803	2
1806	2
1807	2
1809	2
1810	2
1818	2
1820	2
1823	2
1825	2
1828	2
1830	2
1833	2
1836	0
1840	0
1841	3
1842	2
1846	2
1851	3
1857	2
1859	2
1860	2
1861	2
1862	2
1863	2
1867	3
1868	2
1872	2
1876	2
1877	2
1878	2
1879	2
1880	2
1889	2
1899	2
1901	2
1902	2
1904	1
1910	2
1917	2
1920	2
1925	2
1926	2
1930	2
1934	2
1937	2
1939	2
1945	3
1948	3
1950	2
1953	2
1957	2
1962	1
1964	2
1967	2
1968	2
1971	3
1980	2
1982	1
1987	2
1990	2
1992	2
1994	2
1998	3
1999	1
2006	2
2009	2
2010	1
2014	2
2015	2
2017	2
2019	2
2020	2
2024	2
2026	3
2028	3
2030	2
2034	1
2039	2
2040	2
2054	2
2055	2
2060	1
2063	2
2064	2
2065	2
2066	2
2067	2
2069	2
2089	2
2090	2
2091	2
2094	2
2095	2
2097	2
2099	2
2102	2
2104	2
2108	2
2111	3
2112	3
2114	2
2118	2
2119	3
2120	2
2126	2
2128	2
2130	2
2131	2
2134	2
2136	2
2138	2
2143	2
2148	2
2150	2
2151	2
2154	3
2155	3
2157	2
2159	3
2163	2
2168	1
2170	1
2173	2
2174	2
2175	2
2176	2
2184	0
2186	2
2192	3
2195	2
2198	2
2199	2
2200	2
2202	2
2206	2
2215	2
2220	2
2224	1
2225	1
2230	0
2231	2
2234	1
2240	0
2241	2
2243	2
2245	1
2250	2
2260	2
2262	2
2267	0
2270	1
2277	2
2284	2
2285	2
2286	2
2288	2
2292	2
2302	0
2303	2
2315	2
2316	2
2317	0
2320	2
2323	2
2326	2
2328	1
2329	2
2331	2
2333	2
2336	2
2337	2
2338	2
2341	1
2342	2
2347	2
2352	2
2357	2
2360	2
2368	2
2369	2
2371	2
2374	3
2377	2
2378	0
2379	0
2385	2
2386	2
2388	2
2391	2
2392	1
2393	0
2394	0
2396	2
2397	2
2398	2
2404	2
2405	2
2407	2
2408	2
2409	2
2411	2
2412	2
2413	1
2421	3
2426	2
2430	2
2435	2
2440	2
2445	1
2447	2
2455	3
2457	2
2460	2
2462	2
2465	2
2467	2
2472	2
2474	2
2476	2
2481	2
2483	3
2485	2
2491	2
2495	2
2501	2
2502	2
2511	0
2513	2
2518	3
2527	2
2533	2
2536	2
2541	2
2543	1
2546	2
2547	2
2549	2
2557	2
2561	3
2563	3
2565	2
2567	2
2569	3
2572	2
2575	2
2577	2
2578	2
2579	2
2583	2
2584	2
2588	2
2592	2
2594	2
2601	2
2602	2
2604	2
2609	2
2611	2
2614	2
2617	3
2620	2
2621	2
2624	2
2625	2
2627	1
2630	2
2638	2
2639	2
2641	2
2642	3
2643	2
2644	2
2647	2
2651	2
2654	2
2657	2
2658	2
2661	2
2664	2
2666	2
2669	2
2672	2
2673	2
2676	2
2679	2
2683	2
2686	3
2688	2
2699	2
2704	0
2708	2
2713	3
2718	3
2724	2
2731	2
2735	2
2736	2
2739	2
2740	2
2742	2
2745	2
2750	2
2751	2
2754	2
2768	3
2771	2
2772	2
2773	2
2775	2
2777	2
2780	1
2783	1
2784	2
2789	3
2794	1
2796	2
2797	3
2801	2
2805	3
2808	2
2810	2
2812	2
2818	2
2819	3
2821	2
2822	2
2829	2
2834	2
2841	2
2843	1
2845	2
2846	2
2848	2
2849	2
2850	2
2851	2
2852	2
2855	2
2859	2
2861	2
2864	2
2865	2
2869	0
2870	2
2876	2
2881	2
2883	2
2885	2
2886	2
2898	2
2904	3
2908	2
2910	2
2911	2
2927	2
2932	2
2938	2
2941	2
2944	2
2946	2
2947	2
2949	2
2950	2
2953	2
2960	2
2963	2
2966	2
2972	2
2980	1
2982	2
2985	1
2990	2
2992	2
2993	2
2994	2
2996	2
2997	2
3001	2
3003	2
3004	3
3008	2
3013	2
3014	2
3018	2
3019	3
3020	1
3021	2
3024	2
3025	1
3028	2
3031	2
3038	2
3039	0
3040	1
3050	2
3051	2
3054	2
3055	2
3062	2
3064	2
3065	3
3076	2
3080	2
3082	2
3083	0
3085	2
3089	2
3090	2
3092	1
3093	1
3095	2
3100	0
3104	2
3108	2
3111	2
3113	2
3115	2
3116	2
3118	1
3123	2
3125	2
3128	2
3132	2
3134	2
3137	1
3143	2
3148	0
3149	2
3151	2
3155	2
3157	2
3166	2
3169	2
3171	2
3173	0
3175	2
3180	2
3183	2
3185	2
3189	2
3193	1
3194	2
3197	2
3198	3
3199	3
3201	2
3217	2
3226	0
3228	3
3229	1
3234	2
3239	2
3243	2
3245	2
3247	2
3252	2
3260	2
3262	2
3267	2
3268	2
3272	2
3278	2
3284	2
3287	2
3296	2
3297	2
3299	2
3301	2
3304	2
3310	2
3321	2
3324	2
3326	2
3332	2
3335	2
3336	2
3341	1
3343	3
3344	3
3346	2
3350	3
3357	2
3371	2
3376	2
3377	2
3378	2
3382	3
3385	2
3388	0
3393	1
3395	2
3396	2
3398	2
3400	2
3403	2
3410	2
3412	2
3413	2
3415	2
3419	3
3420	2
3421	2
3431	3
3441	2
3446	3
3448	2
3455	2
3460	2
3462	2
3470	2
3473	1
3475	2
3480	2
3483	3
3487	2
3493	2
3499	2
3503	2
3506	3
3507	2
3509	2
3512	2
3515	2
3518	2
3522	3
3525	2
3526	2
3546	2
3548	2
3552	2
3556	2
3557	2
3558	2
3559	2
3560	2
3570	2
3576	2
3578	3
3589	2
3597	2
3599	2
3602	2
3604	2
3605	3
3610	2
3613	2
3617	2
3620	2
3622	2
3643	3
3650	2
3657	2
3665	1
3670	2
3682	3
3683	3
3684	3
3686	1
3693	3
3695	3
3698	2
3699	2
3715	3
3719	2
3726	2
3729	2
3736	2
3756	3
3757	2
3761	0
3763	2
3765	1
3777	2
3780	2
3787	2
3789	0
3790	0
3796	0
3798	0
3802	2
3804	0
3806	2
3808	0
3809	0
3810	0
3812	0
3813	2
3817	2
3818	2
3823	1
3824	1
3834	2
3835	1
3839	1
3841	2
3864	2
3870	2
3876	1
3881	3
3886	3
3888	2
3891	1
3894	3
3896	3
3908	0
3909	1
3918	2
3927	3
3930	2
3931	1
3932	3
3934	3
3936	2
3937	3
3941	1
3943	3
3945	3
3948	3
3950	3
3953	3
3954	3
3957	3
3960	3
3961	3
3963	2
3964	0
3968	0
3970	3
3976	3
3979	3
3980	3
3981	3
3982	3
3985	1
3986	3
3990	3
3991	3
3993	3
3996	2
3998	0
4001	3
4002	3
4005	3
4009	3
4012	3
4014	3
4016	3
4022	3
4025	3
4026	3
4027	3
4028	2
4029	3
4035	2
4043	2
4044	2
4046	2
4049	3
4050	3
4051	3
4053	3
4054	3
4057	2
4059	3
4061	3
4066	3
4067	3
4072	3
4073	3
4076	2
4078	1
4081	3
4082	3
4083	3
4085	3
4086	3
4090	2
4093	3
4100	3
4101	2
4108	2
4113	1
4115	3
4119	3
4120	3
4122	3
4124	3
4129	2
4132	1
4135	2
4138	3
4145	3
4147	3
4150	3
4152	3
4153	3
4163	0
4164	2
4171	3
4174	3
4185	3
4186	3
4188	3
4192	3
4193	3
4194	3
4195	3
4197	3
4199	3
4201	1
4203	0
4204	0
4206	3
4207	0
4208	0
4214	3
4215	3
4217	3
4219	1
4221	0
4222	0
4225	0
4226	0
4229	0
4231	3
4232	3
4233	0
4236	0
4237	3
4238	0
4239	0
4242	0
4245	0
4247	0
4248	2
4251	1
4253	0
4260	3
4261	0
4263	3
4264	0
4265	0
4266	0
4268	1
4269	0
4270	0
4271	0
4272	0
4278	0
4279	2
4282	0
4288	0
4290	3
4295	3
4296	0
4299	0
4300	0
4301	0
4307	2
4316	1
4318	1
4319	1
4320	0
4325	1
4330	0
4335	0
4338	0
4339	0
4340	2
4342	0
4343	0
4344	2
4347	2
4348	2
4350	1
4355	1
4360	0
4361	0
4363	1
4374	0
4377	0
4382	3
4387	1
4399	1
4402	2
4404	1
4405	1
4410	1
4414	0
4417	0
4419	0
4422	0
4424	0
4425	0
4428	0
4430	0
4432	0
4434	0
4444	0
4447	0
4449	0
4451	0
4454	1
4461	0
4463	0
4465	3
4469	0
4471	0
4474	1
4479	0
4483	0
4488	0
4491	3
4492	0
4494	1
4496	0
4498	2
4502	0
4504	3
4506	1
4512	0
4513	1
4515	0
4521	0
4524	0
4526	3
4535	0
4536	1
4538	0
4539	0
4541	0
4545	0
4546	0
4548	0
4549	0
4563	1
4564	0
4565	0
4566	0
4567	0
4569	0
4570	0
4575	1
4579	0
4582	0
4584	0
4592	0
4596	0
4597	0
4604	0
4606	1
4607	0
4609	1
4610	0
4615	0
4619	0
4620	0
4622	0
4629	0
4633	2
4637	0
4639	2
4640	0
4641	0
4643	0
4644	0
4650	1
4653	0
4654	3
4663	0
4669	3
4671	0
4674	0
4675	0
4678	1
4680	0
4681	0
4683	3
4688	1
4693	0
4698	3
4699	3
4701	0
4702	0
4703	0
4704	0
4706	0
4707	0
4709	1
4712	0
4714	0
4718	1
4721	0
4724	3
4725	0
4726	0
4729	3
4730	3
4746	1
4747	3
4748	3
4755	1
4760	3
4762	0
4764	1
4766	3
4770	3
4773	3
4775	0
4779	1
4780	1
4781	1
4786	0
4787	0
4788	0
4792	0
4793	0
4794	1
4796	1
4798	1
4803	0
4811	3
4812	0
4813	0
4814	1
4816	0
4820	3
4822	0
4826	1
4827	3
4829	0
4831	1
4833	0
4836	2
4840	1
4843	0
4844	1
4849	2
4851	2
4853	1
4861	3
4862	1
4864	3
4871	0
4875	0
4880	1
4884	3
4886	1
4889	2
4897	0
4905	0
4909	0
4910	0
4917	0
4918	0
4925	1
4926	2
4932	0
4934	0
4936	0
4941	1
4942	0
4943	3
4945	1
4951	2
4956	0
4963	2
4966	3
4970	0
4974	3
4979	1
4982	2
4984	2
4990	0
4994	0
4995	3
4996	1
5002	2
5003	2
5006	0
5007	0
5012	1
5014	0
5015	2
5017	2
5018	0
5020	0
5022	1
5023	0
5026	2
5031	1
5037	1
5043	3
5048	3
5064	3
5065	2
5067	3
5068	3
5070	3
5075	3
5076	3
5080	3
5081	2
5082	3
5088	3
5091	1
5095	2
5096	1
5097	3
5108	2
5114	1
5116	1
5123	3
5128	3
5131	3
5136	1
5140	0
5141	2
5154	1
5157	1
5159	3
5165	3
5170	3
5174	0
5176	1
5183	2
5185	3
5187	1
5188	2
5193	1
5194	1
5196	2
5197	2
5200	1
5206	2
5208	2
5209	2
5210	2
5214	2
5219	3
5220	2
5222	2
5223	1
5228	1
5235	1
5237	0
5239	2
5244	1
5246	1
5251	2
5254	1
5260	1
5262	0
5263	1
5268	0
5273	2
5276	2
5282	2
5283	2
5284	2
5287	2
5289	3
5296	2
5300	3
5304	0
5305	2
5309	3
5311	3
5314	3
5315	0
5320	3
5322	1
5323	1
5335	1
5336	3
5337	2
5343	0
5345	1
5349	3
5358	0
5359	1
5368	3
5369	0
5370	0
5372	2
5374	2
5375	2
5376	1
5379	2
5382	0
5384	2
5387	2
5388	2
5395	2
5398	1
5400	2
5401	2
5402	2
5406	2
5413	3
5415	3
5418	3
5419	3
5422	3
5425	3
5426	1
5429	3
5430	3
5432	3
5436	3
5442	3
5443	3
5447	3
5448	3
5449	1
5452	3
5454	3
5456	3
5459	3
5477	3
5479	1
5485	1
5490	0
5492	2
5494	0
5498	2
5505	0
5506	0
5509	0
5512	1
5517	2
5519	3
5521	0
5522	0
5530	3
5540	2
5542	2
5547	2
5548	2
5551	1
5559	2
5564	2
5567	1
5568	2
5570	3
5571	2
5575	2
5577	2
5579	1
5582	1
5584	1
5586	1
5589	1
5592	1
5599	2
5601	1
5604	3
5614	1
5618	0
5624	2
5630	0
5634	0
5642	0
5648	1
5651	2
5652	3
5657	2
5665	1
5668	1
5680	1
5683	3
5685	3
5686	3
5690	3
5691	3
5696	3
5702	3
5705	3
5712	3
5714	3
5717	2
5719	3
5720	2
5721	3
5722	3
5725	3
5726	3
5727	3
5728	3
5730	3
5735	2
5736	2
5746	0
5747	0
5748	0
5750	1
5756	0
5761	3
5764	0
5765	3
5766	0
5767	0
5768	0
5770	0
5778	0
5781	0
5783	0
5789	1
5790	3
5791	0
5794	1
5795	1
5798	1
5799	1
5802	1
5803	1
5806	1
5811	1
5812	3
5814	1
5818	1
5830	3
5840	0
5843	1
5847	1
5852	0
5855	0
5857	1
5860	3
5861	0
5862	0
5867	1
5879	0
5890	1
5892	0
5894	0
5905	3
5906	3
5907	0
5910	3
5912	0
5913	0
5921	0
5922	3
5925	1
5926	1
5936	3
5938	0
5939	0
5942	1
5951	3
5952	3
5953	1
5961	1
5964	3
5974	1
5975	0
5980	3
5983	0
5984	0
5986	3
5988	3
5999	1
6003	3
6006	3
6008	0
6011	0
6012	3
6017	0
6024	0
6027	0
6028	0
6031	0
6035	0
6042	0
6045	1
6046	1
6050	0
6053	3
6054	3
6059	0
6062	2
6065	0
6082	0
6086	0
6087	0
6101	1
6103	0
6106	3
6111	0
6116	0
6119	0
6120	0
6127	0
6129	3
6135	0
6140	3
6142	3
6143	0
6146	3
6151	3
6157	3
6162	1
6166	3
6167	0
6168	0
6171	0
6172	2
6173	1
6175	2
6185	1
6190	1
6202	2
6209	1
6213	3
6231	1
6232	1
6234	0
6235	0
6237	1
6248	1
6252	1
6254	1
6256	0
6264	2
6273	1
6275	1
6276	1
6280	1
6282	1
6285	2
6287	3
6288	2
6295	2
6296	1
6297	1
6298	0
6305	1
6318	3
6321	3
6330	0
6332	0
6338	0
6341	3
6344	0
6345	0
6349	3
6350	2
6359	1
6363	3
6372	2
6376	0
6378	0
6379	0
6380	0
6382	0
6383	0
6385	0
6392	0
6395	0
6396	0
6397	0
6399	3
6400	0
6402	0
6403	0
6407	0
6409	0
6411	0
6414	0
6419	1
6421	3
6435	0
6438	0
6445	0
6446	3
6449	0
6453	0
6460	0
6462	0
6468	0
6469	0
6471	0
6478	3
6479	3
6481	0
6483	0
6490	0
6492	0
6494	0
6500	0
6501	0
6502	0
6506	0
6508	0
6510	0
6511	0
6512	0
6513	0
6514	0
6515	0
6517	0
6518	0
6522	1
6523	0
6529	0
6530	0
6531	1
6535	1
6536	0
6538	1
6540	0
6543	1
6544	1
6546	1
6549	2
6552	0
6553	1
6554	1
6555	1
6559	1
6560	1
6563	1
6566	3
6568	1
6570	1
6571	1
6579	0
6581	2
6585	1
6590	2
6595	0
6596	2
6597	0
6598	1
6599	3
6601	0
6604	0
6605	0
6606	0
6609	2
6613	0
6615	3
6622	0
6623	2
6624	0
6627	0
6629	0
6630	0
6632	0
6649	2
6652	1
6653	3
6654	2
6657	0
6659	0
6663	0
6666	0
6688	0
6689	0
6692	0
6693	0
6694	3
6696	0
6698	1
6699	0
6700	1
6705	0
6708	1
6709	0
6711	0
6712	0
6713	0
6716	0
6717	0
6718	0
6729	3
6739	0
6748	1
6753	0
6758	0
6759	0
6761	0
6763	3
6764	0
6765	0
6766	0
6768	1
6769	3
6770	0
6771	0
6781	0
6785	0
6787	0
6789	0
6790	0
6791	0
6794	3
6795	0
6796	0
6797	0
6800	1
6801	1
6812	0
6813	0
6814	1
6816	0
6818	0
6823	0
6824	0
6826	0
6827	0
6830	0
6834	0
6835	0
6847	3
6848	0
6849	3
6851	0
6852	0
6858	0
6863	0
6864	0
6867	0
6868	0
6876	0
6878	3
6879	3
6883	0
6887	0
6891	0
6892	1
6898	3
6905	3
6908	0
6909	0
6914	0
6919	0
6920	2
6921	0
6923	2
6926	2
6927	0
6931	0
6932	1
6936	2
6940	2
6941	3
6943	2
6948	1
6955	1
6957	2
6959	3
6960	1
6966	2
6967	0
6969	0
6972	0
6982	0
6987	0
6991	0
7002	0
7003	0
7009	0
7016	0
7021	0
7030	0
7034	3
7044	0
7050	0
7054	1
7056	1
7064	0
7067	0
7069	3
7073	0
7076	3
7078	0
7082	0
7083	0
7096	3
7097	0
7099	0
7100	0
7101	0
7102	1
7105	0
7109	0
7112	3
7113	3
7118	0
7119	0
7124	0
7131	0
7133	1
7136	0
7142	3
7149	0
7155	0
7156	1
7167	0
7169	1
7172	1
7173	1
7174	1
7180	1
7184	2
7187	0
7197	3
7203	1
7204	1
7216	0
7220	3
7222	1
7225	0
7233	2
7239	1
7241	0
7242	0
7245	0
7262	0
7264	0
7274	3
7277	1
7278	3
7296	2
7298	0
7299	2
7307	2
7308	1
7312	3
7313	3
7316	2
7318	3
7328	0
7329	3
7332	3
7333	3
7334	0
7337	1
7342	2
7343	3
7355	3
7356	3
7362	3
7363	3
7366	3
7374	0
7386	0
7387	0
7388	3
7392	3
7399	3
7403	3
7405	3
7411	0
7412	0
7422	1
7428	3
7434	3
7436	3
7438	3
7439	3
7443	3
7446	0
7456	3
7460	3
7471	0
7475	0
7478	0
7479	3
7480	0
7482	0
7488	0
7495	0
7499	0
7500	0
7505	0
7507	0
7510	0
7514	0
7520	0
7524	0
7526	0
7528	0
7532	0
7536	0
7538	0
7539	0
7540	0
7542	0
7545	0
7546	0
7548	3
7552	0
7557	0
7563	0
7566	0
7573	0
7579	0
7586	0
7590	0
7605	1
7606	1
7607	1
7609	3
7611	3
7613	3
7615	0
7618	0
7624	3
7625	2
7629	0
7639	3
7640	1
7642	3
7645	3
7646	1
7647	3
7653	3
7654	0
7657	0
7664	3
7668	3
7671	1
7673	3
7676	3
7677	3
7679	3
7681	3
7683	3
7686	1
7688	3
7693	0
7695	1
7698	3
7699	3
7700	0
7701	0
7703	3
7705	3
7708	1
7714	3
7715	0
7719	0
7721	3
7724	0
7727	1
7731	1
7733	3
7735	0
7737	1
7739	0
7740	0
7744	0
7747	0
7752	3
7758	0
7771	0
7775	1
7776	0
7780	3
7781	3
7785	3
7786	3
7787	3
7795	1
7797	3
7798	3
7803	3
7811	3
7820	1
7822	3
7823	0
7827	0
7828	0
7836	3
7837	3
7839	0
7841	1
7842	2
7843	1
7844	1
7845	0
7853	0
7854	0
7855	1
7859	3
7866	3
7867	3
7869	3
7876	3
7883	3
7885	3
7892	0
7895	3
7904	3
7909	0
7913	3
7914	1
7931	1
7933	0
7936	0
7944	3
7947	3
7950	3
7954	1
7962	1
7965	0
7966	3
7971	0
7974	3
7975	0
7978	3
7983	1
7989	3
7994	0
7996	0
8002	0
8008	3
8012	3
8013	1
8026	0
8029	3
8037	3
8045	3
8046	3
8048	3
8053	1
8056	3
8064	3
8069	3
8075	3
8081	1
8085	3
8087	0
8089	0
8091	1
8092	3
8095	3
8098	0
8103	0
8105	3
8108	3
8112	0
8113	0
8114	3
8117	3
8120	3
8122	0
8127	3
8133	1
8134	0
8146	3
8153	3
8156	0
8160	3
8161	3
8162	3
8165	3
8168	1
8171	3
8175	1
8179	3
8180	0
8181	3
8188	0
8189	3
8190	3
8191	0
8193	3
8200	3
8202	3
8204	1
8206	3
8208	3
8209	3
8213	3
8214	3
8217	3
8223	1
8235	3
8236	3
8245	0
8256	3
8263	3
8265	1
8268	0
8270	0
8276	0
8278	3
8281	3
8286	3
8288	3
8295	3
8298	3
8300	3
8303	3
8309	2
8327	3
8329	3
8330	3
8335	3
8336	3
8340	3
8344	3
8347	1
8349	1
8350	1
8352	1
8353	1
8355	1
8357	0
8362	1
8366	1
8367	3
8369	3
8371	3
8375	0
8382	2
8383	3
8384	3
8386	1
8387	3
8388	3
8393	0
8394	2
8399	3
8405	3
8422	0
8423	1
8426	3
8429	3
8430	3
8432	3
8433	3
8434	3
8435	3
8438	3
8439	3
8442	3
8443	3
8445	3
8447	3
8452	3
8454	3
8456	3
8457	3
8460	3
8462	3
8466	3
8467	3
8471	2
8475	3
8476	0
8478	0
8480	3
8485	0
8487	0
8488	0
8489	0
8496	0
8497	0
8502	3
8507	0
8508	0
8521	0
8522	1
8524	1
8527	0
8529	3
8534	2
8537	3
8539	3
8541	2
8544	2
8548	3
8550	1
8552	3
8553	2
8554	2
8558	3
8562	3
8563	3
8564	3
8566	3
8573	1
8579	2
8580	3
8583	1
8591	2
8592	2
8596	2
8605	1
8608	0
8611	0
8615	0
8618	0
8619	0
8620	0
8625	3
8627	0
8631	0
8634	0
8639	0
8641	0
8642	0
8644	0
8646	1
8647	0
8650	0
8652	3
8653	0
8655	0
8656	1
8659	3
8666	0
8668	0
8670	0
8672	2
8680	1
8689	0
8690	1
8695	0
8698	3
8700	1
8701	1
8703	1
8706	3
8710	0
8715	3
8717	0
8718	1
8722	1
8723	1
8725	3
8727	1
8730	0
8732	0
8742	0
8746	0
8759	3
8760	3
8762	2
8764	1
8769	2
8771	2
8782	1
8794	3
8795	3
8797	0
8798	0
8801	0
8803	3
8815	3
8821	1
8825	1
8828	1
8829	1
8833	0
8837	1
8842	3
8843	1
8844	0
8845	0
8847	1
8851	3
8852	3
8854	0
8857	0
8861	3
8866	0
8869	0
8870	1
8871	0
8877	3
8879	1
8880	3
8884	3
8895	1
8908	2
8914	3
8963	2
8971	1
8983	2
8987	1
9013	1
9022	2
9068	0
9072	1
9081	3
9083	0
9086	2
9088	1
9091	2
9095	0
9096	1
9110	0
9111	2
9113	3
9115	1
9116	1
9118	0
9119	0
9120	0
9122	0
9123	0
9127	0
9128	0
9132	0
9133	3
9134	1
9135	1
9136	0
9142	0
9143	0
9150	3
9153	0
9154	0
9159	0
9161	1
9162	1
9166	0
9173	0
9174	0
9185	0
9187	0
9188	0
9192	0
9193	0
9207	3
9208	0
9211	1
9218	1
9225	0
9230	1
9235	1
9239	1
9244	0
9245	0
9250	0
9252	1
9255	1
9258	0
9260	1
9261	1
9269	1
9271	1
9273	3
9275	3
9277	0
9278	0
9282	0
9283	0
9284	0
9286	0
9287	0
9289	0
9292	0
9297	1
9304	0
9305	0
9306	0
9319	0
9321	0
9322	0
9323	0
9328	0
9329	3
9331	0
9336	0
9337	0
9340	0
9344	0
9347	0
9348	0
9351	0
9353	0
9354	0
9356	0
9361	0
9369	2
9371	3
9374	1
9377	1
9380	0
9381	2
9383	3
9386	0
9391	0
9395	1
9399	0
9403	0
9404	0
9405	3
9406	0
9407	3
9413	3
9414	0
9415	0
9416	0
9418	0
9420	0
9421	0
9426	3
9429	3
9432	0
9433	3
9434	3
9436	0
9440	3
9450	2
9453	3
9457	0
9458	0
9464	0
9465	0
9466	3
9468	3
9474	0
9478	0
9483	1
9488	3
9489	3
9490	3
9491	0
9496	1
9502	0
9504	3
9511	0
9516	3
9518	3
9519	0
9524	3
9537	0
9538	3
9539	3
9540	0
9541	3
9546	3
9549	1
9550	1
9557	0
9558	3
9561	1
9566	1
9572	1
9575	1
9580	1
9581	1
9584	1
9586	1
9588	0
9590	0
9595	1
9599	0
9604	0
9610	1
9611	1
9612	1
9621	1
9639	0
9641	2
9644	3
9657	3
9663	2
9672	1
9673	1
9674	1
9679	1
9691	0
9700	0
9703	2
9704	1
9712	2
9714	3
9716	3
9717	3
9724	1
9731	0
9740	0
9748	0
9751	1
9752	1
9757	3
9759	0
9771	2
9775	3
9777	3
9783	2
9785	2
9789	1
9790	2
9791	2
9797	2
9799	2
9803	2
9820	2
9824	2
9826	2
9829	2
9831	2
9836	0
9839	2
9842	1
9851	0
9857	2
9861	3
9862	1
9871	3
9879	3
9888	3
9893	3
9895	3
9899	3
9901	3
9902	3
9903	3
9909	1
9918	3
9920	3
9925	3
9938	3
9943	3
9949	3
9950	3
9954	3
9955	3
9959	1
9960	1
9964	0
9970	2
9973	1
9977	3
9982	2
9983	2
9988	1
9992	1
9998	2
10000	1
10013	2
10019	1
10022	2
10034	2
10049	1
10050	1
10055	2
10058	1
10063	0
10064	1
10067	0
10071	2
10075	1
10076	3
10077	0
10082	1
10084	0
10085	0
10092	0
10094	0
10105	0
10117	0
10120	0
10124	0
10139	0
10140	0
10142	0
10146	1
10148	0
10151	1
10156	0
10159	0
10160	1
10163	0
10180	0
10185	3
10187	3
10188	0
10195	0
10201	0
10207	1
10213	1
10223	0
10233	0
10234	0
10239	3
10241	3
10246	1
10247	0
10250	0
10252	0
10253	0
10261	3
10263	0
10266	0
10268	3
10273	0
10279	2
10280	3
10287	0
10288	1
10290	3
10294	1
10296	0
10297	0
10300	0
10301	0
10313	0
10324	3
10330	3
10333	3
10336	3
10337	1
10339	3
10340	3
10347	3
10352	1
10355	2
10356	0
10359	1
10364	1
10380	3
10384	1
10387	0
10388	2
10392	3
10396	1
10402	3
10406	0
10421	1
10423	0
10426	2
10427	1
10428	1
10434	2
10435	0
10453	0
10454	0
10456	3
10459	1
10460	1
10461	1
10462	0
10465	3
10467	2
10472	1
10474	1
10483	1
10487	0
10488	0
10491	0
10494	0
10501	0
10504	3
10511	0
10512	0
10514	0
10516	1
10519	1
10523	1
10527	1
10534	0
10537	0
10541	0
10564	1
10565	0
10578	2
10582	3
10583	0
10586	3
10588	0
10589	0
10613	3
10626	0
10631	3
10632	2
10636	3
10642	0
10648	1
10653	3
10656	3
10659	3
10660	0
10672	0
10673	0
10675	1
10677	1
10683	1
10685	1
10686	1
10690	3
10695	1
10702	0
10703	0
10704	0
10710	3
10712	0
10714	0
10715	0
10724	3
10728	3
10729	3
10735	3
10738	1
10739	2
10742	0
10744	2
10746	1
10749	0
10759	0
10762	3
10763	3
10764	3
10767	3
10769	3
10770	1
10771	0
10776	1
10781	0
10783	3
10785	3
10786	3
10791	3
10793	2
10794	1
10797	3
10798	0
10802	3
10817	3
10821	3
10824	2
10825	0
10828	0
10832	3
10834	1
10838	1
10839	0
10840	0
10850	0
10851	3
10854	2
10859	2
10862	3
10863	2
10864	3
10865	3
10866	1
10871	0
10876	0
10878	1
10879	0
10885	0
10890	0
10893	1
10900	0
10905	0
10907	0
10919	0
10922	0
10938	0
10946	0
10968	0
10976	0
10980	0
10989	0
11000	0
11001	0
11009	0
11013	0
11014	0
11023	1
11025	0
11031	0
11032	0
11033	0
11035	0
11037	0
11045	0
11055	0
11058	0
11073	0
11077	0
11079	0
11080	0
11082	0
11089	0
11105	1
11117	0
11119	1
11120	0
11132	0
11133	0
11136	0
11137	0
11140	0
11143	0
11147	1
11152	0
11158	0
11166	0
11167	0
11172	0
11173	0
11177	0
11184	0
11202	0
11207	0
11210	0
11216	1
11217	1
11219	0
11228	0
11236	0
11240	1
11244	0
11247	1
11248	0
11250	0
11266	1
11268	0
11273	0
11276	0
11286	0
11289	1
11291	0
11293	0
11301	0
11314	0
11316	0
11318	1
11319	0
11320	0
11324	0
11332	0
11334	0
11339	0
11347	1
11348	0
11354	0
11355	3
11359	1
11361	0
11363	0
11364	0
11366	0
11370	0
11375	0
11380	0
11383	1
11401	0
11403	0
11405	0
11406	0
11413	0
11415	1
11416	1
11418	1
11421	0
11423	0
11436	1
11441	0
11442	0
11443	1
11448	0
11449	0
11450	0
11454	0
11456	0
11464	0
11466	0
11469	0
11473	0
11490	1
11504	0
11508	1
11511	0
11526	1
11527	1
11531	1
11536	1
11538	1
11541	1
11548	1
11550	1
11555	1
11556	1
11562	1
11563	1
11564	1
11566	1
11570	1
11578	2
11580	1
11585	1
11586	1
11588	1
11591	1
11592	1
11596	1
11598	1
11599	1
11601	1
11608	1
11611	3
11613	1
11618	1
11633	1
11635	1
11636	1
11641	1
11657	1
11662	1
11663	1
11670	3
11672	1
11673	1
11676	1
11682	1
11684	1
11687	1
11692	1
11706	1
11713	1
11715	1
11716	1
11723	3
11725	1
11730	1
11739	1
11742	2
11756	1
11761	0
11769	3
11770	3
11773	1
11775	3
11785	2
11787	2
11790	1
11793	3
11795	0
11796	1
11801	2
11808	0
11815	3
11818	3
11820	3
11823	2
11847	3
11850	2
11856	1
11858	1
11860	2
11863	2
11870	1
11881	2
11883	2
11893	2
11912	3
11917	1
11921	2
11926	2
11927	1
11930	2
11932	3
11934	2
11937	1
11982	2
11985	1
11998	1
12001	3
12006	3
12008	2
12012	1
12015	3
12017	1
12026	2
12028	3
12030	2
12033	2
12034	1
12044	1
12048	2
12050	2
12052	0
12062	1
12068	3
12070	3
12071	1
12080	1
12082	3
12084	0
12087	3
12089	3
12093	3
12094	2
12101	3
12102	3
12103	2
12104	0
12108	0
12109	3
12110	2
12112	2
12113	3
12115	2
12116	0
12117	3
12123	3
12128	2
12134	2
12136	2
12139	2
12141	2
12145	2
12146	2
12150	2
12151	2
12152	2
12164	2
12167	2
12169	2
12173	2
12174	2
12178	2
12181	2
12183	2
12193	2
12196	2
12204	2
12206	2
12212	2
12215	2
12218	2
12219	2
12221	2
12224	2
12225	2
12228	2
12233	2
12234	2
12235	2
12241	2
12242	2
12245	2
12252	0
12254	2
12264	2
12268	2
12271	1
12274	2
12279	3
12281	2
12291	2
12297	2
12301	2
12304	2
12306	2
12308	2
12312	2
12315	2
12318	2
12319	2
12321	2
12322	2
12326	2
12333	2
12334	2
12335	2
12336	2
12345	2
12348	2
12354	2
12356	2
12358	2
12368	2
12369	2
12376	2
12379	2
12384	2
12386	2
12387	2
12393	2
12397	2
12399	1
12400	2
12401	2
12402	2
12403	2
12404	2
12413	3
12429	2
12441	1
12450	2
12458	1
12462	1
12468	3
12469	3
12473	0
12474	3
12476	1
12480	1
12482	3
12483	3
12486	1
12487	1
12491	1
12498	1
12506	3
12508	1
12524	3
12525	3
12528	1
12534	3
12536	3
12538	3
12540	1
12541	1
12551	0
12552	3
12559	3
12564	0
12565	0
12567	3
12571	0
12572	3
12574	3
12579	3
12580	3
12581	3
12582	3
12583	3
12585	3
12587	2
12588	1
12589	0
12594	1
12595	1
12598	1
12602	1
12605	1
12607	1
12608	1
12609	1
12616	1
12617	1
12618	1
12623	1
12625	1
12627	2
12628	1
12629	1
12631	1
12634	1
12637	1
12640	1
12644	1
12645	1
12648	1
12651	1
12653	1
12656	1
12658	1
12659	1
12660	1
12661	1
12662	1
12664	1
12668	1
12670	1
12671	1
12674	1
12675	1
12686	1
12691	1
12692	1
12693	1
12694	1
12699	1
12705	1
12708	1
12709	1
12711	1
12713	1
12715	1
12718	1
12720	1
12724	1
12727	1
12729	1
12731	1
12736	1
12739	1
12742	1
12745	1
12747	1
12750	1
12754	1
12755	1
12756	1
12758	1
12759	1
12763	1
12765	1
12768	1
12770	1
12771	1
12772	1
12776	1
12777	1
12778	1
12784	1
12785	1
12786	1
12789	1
12794	1
12795	1
12797	1
12799	1
12800	1
12802	1
12805	1
12808	1
12809	1
12815	1
12816	1
12825	1
12828	3
12832	2
12834	1
12840	1
12848	1
12849	1
12850	1
12852	1
12859	1
12861	2
12870	1
12871	1
12872	1
12874	1
12875	1
12879	1
12880	1
12884	1
12890	1
12892	1
12894	3
12897	0
12909	0
12911	3
12917	3
12919	3
12920	3
12921	3
12930	3
12933	1
12936	3
12939	3
12942	3
12943	3
12946	1
12953	0
12954	0
12956	0
12958	0
12959	0
12960	0
12965	0
12966	3
12984	1
12991	1
13019	1
13022	1
13037	3
13044	1
13055	0
13056	0
13059	0
13072	1
13113	0
13114	3
13119	0
13125	0
13128	0
13131	0
13135	0
13139	0
13146	0
13147	0
13150	0
13152	3
13153	0
13155	3
13161	0
13162	3
13164	0
13166	0
13167	3
13170	3
13174	3
13178	1
13229	3
13230	3
13231	3
13234	3
13236	3
13240	3
13241	3
13242	3
13243	3
13244	3
13245	3
13249	3
13250	3
13251	3
13256	3
13257	3
13260	3
13261	3
13265	1
13266	3
13270	3
13271	3
13273	3
13276	3
13279	3
13281	3
13283	3
13284	3
13286	3
13287	3
13288	3
13290	3
13291	3
13294	3
13295	3
13296	3
13299	3
13300	3
13311	3
13313	3
13315	3
13316	3
13318	3
13323	3
13327	3
13330	3
13333	3
13337	3
13338	3
13341	3
13342	3
13343	3
13345	3
13348	3
13350	3
13351	3
13355	3
13356	3
13361	3
13363	3
13368	3
13369	3
13371	3
13372	3
13374	3
13376	3
13377	3
13380	3
13381	3
13382	3
13386	3
13387	3
13388	3
13390	3
13391	3
13392	3
13393	3
13394	3
13395	3
13397	3
13398	3
13399	3
13400	3
13402	3
13404	3
13408	3
13409	3
13411	3
13412	3
13413	3
13414	3
13416	3
13417	3
13418	3
13419	3
13423	3
13425	3
13427	3
13429	3
13430	3
13432	3
13436	3
13437	3
13440	3
13441	3
13442	3
13443	3
13447	3
13448	3
13450	3
13451	3
13453	3
13454	3
13456	3
13457	3
13460	3
13462	3
13463	3
13466	3
13468	3
13471	3
13475	3
13479	3
13481	3
13483	3
13484	3
13486	3
13488	3
13491	3
13495	3
13496	3
13498	3
13499	3
13500	3
13501	3
13502	3
13503	3
13505	3
13506	3
13507	3
13508	3
13510	3
13512	3
13514	3
13516	3
13517	3
13519	3
13520	3
13521	3
13523	3
13524	3
13527	3
13528	3
13529	1
13532	3
13533	3
13534	3
13537	3
13538	3
13539	3
13540	3
13542	3
13546	3
13547	3
13548	3
13549	3
13551	3
13553	3
13554	3
13556	3
13557	3
13563	3
13565	3
13566	3
13568	3
13572	3
13574	3
13575	3
13576	3
13577	3
13579	3
13581	3
13583	3
13584	3
13585	3
13586	3
13594	3
13596	3
13599	3
13600	3
13601	3
13603	3
13604	3
13605	3
13606	3
13608	3
13609	3
13610	3
13611	3
13612	3
13616	3
13617	3
13618	3
13620	3
13621	3
13622	3
13623	3
13627	3
13628	3
13631	3
13633	3
13638	3
13639	3
13641	3
13643	3
13644	3
13646	3
13648	3
13649	3
13651	3
13652	3
13654	3
13655	3
13657	0
13658	0
13659	0
13665	0
13672	0
13677	0
13684	0
13687	0
13699	0
13702	0
13707	0
13710	0
13713	0
13717	0
13719	0
13720	0
13721	0
13729	0
13735	0
13750	0
13760	0
13770	0
13784	0
13789	0
13802	0
13803	0
13811	0
13816	0
13817	0
13818	0
13821	0
13823	0
13828	0
13830	0
13832	0
13838	0
13846	0
13851	0
13861	0
13864	0
13865	0
13866	0
13867	0
13869	0
13872	0
13873	0
13875	0
13883	0
13893	0
13894	0
13896	0
13897	0
13901	0
13903	0
13904	0
13906	0
13910	0
13911	0
13912	0
13919	0
13930	0
13940	0
13941	0
13945	0
13948	0
13950	1
13952	0
13960	0
13961	0
13962	0
13968	0
13969	0
13975	0
13982	0
13983	0
13984	0
14006	0
14023	0
14024	0
14052	1
14054	0
14056	0
14060	0
14070	0
14073	0
14075	0
14076	0
14082	0
14087	0
14090	0
14095	0
14099	0
14100	0
14111	0
14112	0
14113	0
14115	0
14116	0
14127	0
14136	0
14139	0
14141	0
14149	0
14152	0
14153	0
14163	0
14165	0
14172	0
14173	0
14183	0
14184	0
14196	0
14197	0
14202	0
14207	0
14211	0
14218	0
14222	0
14223	0
14226	0
14229	0
14234	0
14237	0
14239	0
14242	0
14243	0
14244	0
14245	0
14247	0
14248	0
14249	0
14254	0
14255	0
14263	0
14267	0
14270	0
14271	0
14273	0
14278	0
14280	0
14283	0
14284	0
14285	0
14286	0
14287	0
14294	0
14295	0
14296	0
14297	0
14305	0
14309	0
14310	0
14311	0
14327	0
14331	0
14339	0
14340	0
14341	0
14342	0
14345	0
14349	0
14352	0
14358	0
14370	0
14371	0
14372	
